0.00 0.00 0.00
1.00 147.74 17.72
2.00 417.87 25.06
3.00 767.68 30.69
4.00 1181.92 35.44
5.00 1651.78 39.62
6.00 2171.32 43.40
7.00 2736.18 46.88
8.00 3342.97 50.11
9.00 3988.97 53.15
10.00 4671.94 56.03
11.00 5389.97 58.76
12.00 6141.43 61.38
13.00 6924.88 63.88
14.00 7739.08 66.29
15.00 8582.91 68.62
16.00 9455.34 70.87
17.00 10355.49 73.05
18.00 11282.52 75.17
19.00 12235.67 77.23
20.00 13214.25 79.24
21.00 14217.60 81.19
22.00 15245.14 83.10
23.00 16296.31 84.97
24.00 17370.58 86.80
25.00 18467.47 88.59
26.00 19586.53 90.34
27.00 20727.32 92.06
28.00 21889.43 93.75
29.00 23072.49 95.41
30.00 24276.12 97.04
31.00 25499.99 98.65
32.00 26743.76 100.23
33.00 28007.11 101.78
34.00 29289.76 103.31
35.00 30591.41 104.82
36.00 31911.79 106.31
37.00 33250.64 107.77
38.00 34607.71 109.22
39.00 35982.75 110.65
40.00 37375.54 112.06
41.00 38785.84 113.45
42.00 40213.45 114.82
43.00 41658.16 116.18
44.00 43119.77 117.53
45.00 44598.08 118.85
46.00 46092.91 120.17
47.00 47604.09 121.47
48.00 49131.42 122.75
49.00 50674.74 124.02
50.00 52233.90 125.28
51.00 53808.72 126.53
52.00 55399.07 127.76
53.00 57004.77 128.99
54.00 58625.71 130.20
55.00 60261.71 131.40
56.00 61912.66 132.59
57.00 63578.41 133.77
58.00 65258.85 134.93
59.00 66953.84 136.09
60.00 68663.24 137.24
61.00 70386.95 138.38
62.00 72124.85 139.51
63.00 73876.84 140.63
64.00 75642.76 141.74
65.00 77422.55 142.85
66.00 79216.08 143.94
67.00 81023.24 145.03
68.00 82843.95 146.10
69.00 84678.09 147.18
70.00 86525.57 148.24
71.00 88386.30 149.29
72.00 90260.17 150.34
73.00 92147.11 151.38
74.00 94047.01 152.41
75.00 95959.80 153.44
76.00 97885.38 154.46
77.00 99823.67 155.47
78.00 101774.59 156.48
79.00 103738.05 157.48
80.00 105713.98 158.47
81.00 107702.29 159.46
82.00 109702.92 160.44
83.00 111715.80 161.42
84.00 113740.81 162.39
85.00 115777.94 163.35
86.00 117827.07 164.31
87.00 119888.16 165.26
88.00 121961.13 166.21
89.00 124045.91 167.15
90.00 126142.43 168.09
91.00 128250.63 169.02
92.00 130370.45 169.94
93.00 132501.81 170.86
94.00 134644.67 171.78
95.00 136798.97 172.69
96.00 138964.63 173.60
97.00 141141.59 174.50
98.00 143329.81 175.40
99.00 145529.23 176.29
100.00 147739.77 177.18
101.00 149961.41 178.06
102.00 152194.06 178.94
103.00 154437.67 179.82
104.00 156692.22 180.69
105.00 158957.63 181.55
106.00 161233.84 182.42
107.00 163520.83 183.27
108.00 165818.53 184.13
109.00 168126.89 184.98
110.00 170445.86 185.83
111.00 172775.39 186.67
112.00 175115.45 187.51
113.00 177465.97 188.34
114.00 179826.92 189.17
115.00 182198.25 190.00
116.00 184579.91 190.83
117.00 186971.84 191.65
118.00 189374.03 192.46
119.00 191786.42 193.28
120.00 194208.97 194.09
121.00 196641.64 194.90
122.00 199084.38 195.70
123.00 201537.14 196.50
124.00 203999.91 197.30
125.00 206472.61 198.09
126.00 208955.22 198.88
127.00 211447.72 199.67
128.00 213950.05 200.45
129.00 216462.16 201.24
130.00 218984.03 202.01
131.00 221515.63 202.79
132.00 224056.91 203.56
133.00 226607.81 204.33
134.00 229168.34 205.10
135.00 231738.44 205.86
136.00 234318.08 206.62
137.00 236907.22 207.38
138.00 239505.80 208.14
139.00 242113.84 208.89
140.00 244731.28 209.64
141.00 247358.08 210.39
142.00 249994.20 211.13
143.00 252639.64 211.87
144.00 255294.33 212.61
145.00 257958.25 213.35
146.00 260631.38 214.08
147.00 263313.69 214.82
148.00 266005.13 215.55
149.00 268705.66 216.27
150.00 271415.28 217.00
151.00 274133.97 217.72
152.00 276861.66 218.44
153.00 279598.34 219.16
154.00 282343.97 219.87
155.00 285098.53 220.58
156.00 287861.97 221.30
157.00 290634.34 222.00
158.00 293415.50 222.71
159.00 296205.50 223.41
160.00 299004.28 224.11
161.00 301811.81 224.81
162.00 304628.09 225.51
163.00 307453.06 226.21
164.00 310286.72 226.90
165.00 313129.03 227.59
166.00 315979.97 228.28
167.00 318839.50 228.96
168.00 321707.63 229.65
169.00 324584.28 230.33
170.00 327469.47 231.01
171.00 330363.16 231.69
172.00 333265.31 232.37
173.00 336175.91 233.04
174.00 339094.94 233.71
175.00 342022.34 234.38
176.00 344958.16 235.05
177.00 347902.31 235.72
178.00 350854.81 236.38
179.00 353815.59 237.05
180.00 356784.66 237.71
181.00 359762.00 238.37
182.00 362747.56 239.03
183.00 365741.34 239.68
184.00 368743.31 240.34
185.00 371753.44 240.99
186.00 374771.75 241.64
187.00 377798.16 242.29
188.00 380832.69 242.93
189.00 383875.28 243.58
190.00 386925.94 244.22
191.00 389984.63 244.86
192.00 393051.34 245.50
193.00 396126.03 246.14
194.00 399208.72 246.78
195.00 402299.34 247.42
196.00 405397.94 248.05
197.00 408504.44 248.68
198.00 411618.81 249.31
199.00 414741.06 249.94
